#|num|weight|mean|covariance matrix| 
|1|0.01283851402218504772|550.120249 -24.425192 -335.255775|315.9466856963 -22.3734069055 26.168572114 -22.3734069055 243.4096184568 -94.3052679289 26.168572114 -94.3052679289 240.466696121|
|2|0.01358479165186286808|694.417699 -147.687101 -736.683283|171.4553215608 -27.791684128 -1.2291841503 -27.791684128 191.2077830477 -26.0566077074 -1.2291841503 -26.0566077074 320.7032603888|
|3|0.01606086017722133802|577.228271 -21.607493 -863.318119|576.6265239991 -322.6196644831 -44.4387350102 -322.6196644831 545.9395236604 -34.4053026888 -44.4387350102 -34.4053026888 113.0196794345|
|4|0.01149176581128933013|461.951622 -7.508310 -771.528088|216.4641468769 74.5105416329 202.3901779618 74.5105416329 333.2388955048 436.5690275852 202.3901779618 436.5690275852 912.0130543911|
|5|0.00216810047650038348|507.845144 27.668468 -451.279730|322.5424543749 -38.6879702533 -46.0995075384 -38.6879702533 51.0982032785 6.9268420377 -46.0995075384 6.9268420377 62.7001572912|
|6|0.01780990965607202881|509.231166 43.234656 -781.224717|415.5815495964 -272.074129425 42.729714461 -272.074129425 623.0327532683 124.4041773943 42.729714461 124.4041773943 204.3437918819|
|7|0.00336341361878421006|563.407328 -6.690074 -320.249679|355.0884388618 -65.056213217 -15.901867843 -65.056213217 97.2198406075 -25.9651629779 -15.901867843 -25.9651629779 104.7720272062|
|8|0.00167877464569006940|381.051619 -132.604265 -307.450146|123.0957594754 10.4398872315 -17.4931351633 10.4398872315 146.3551703156 -9.6389203071 -17.4931351633 -9.6389203071 26.9855254429|
|9|0.01180474374907789469|481.073413 10.187206 -438.002158|167.2550198125 -1.1483155273 278.4722603529 -1.1483155273 126.1420242428 -96.4611325128 278.4722603529 -96.4611325128 1513.1809203989|
|10|0.00495850462814477651|484.889503 12.985333 -342.146052|164.0960469256 -36.37943606 -105.6849039768 -36.37943606 209.6649103998 85.3712719049 -105.6849039768 85.3712719049 262.9918946976|
|11|0.00252688023142001988|493.892040 -25.533597 -482.445903|118.2484855326 -18.6550751035 -17.3139180964 -18.6550751035 69.9715076893 1.9486673072 -17.3139180964 1.9486673072 116.7662195027|
|12|0.00823707707142829967|690.522315 92.049870 -844.632462|223.2369927339 -102.2840924888 101.4206174149 -102.2840924888 394.0170323317 -57.1043846894 101.4206174149 -57.1043846894 130.1707249541|
|13|0.01073494618571494211|478.080461 10.609449 -658.857449|107.7880664332 -34.7961185742 75.750326747 -34.7961185742 122.8074171386 -41.6826072485 75.750326747 -41.6826072485 1198.4657633604|
|14|0.02860093281864363804|546.516379 -0.140676 -484.431371|140.7243691293 -38.8570017855 226.9310507169 -38.8570017855 156.0071730873 -200.9901800676 226.9310507169 -200.9901800676 3318.1679363424|
|15|0.01271627116489811547|612.105044 -157.063623 -797.487495|247.0484142052 -207.1418627065 -46.467018259 -207.1418627065 503.7826979959 48.7215812953 -46.467018259 48.7215812953 112.7445274694|
|16|0.01707341379447950211|427.053360 -174.945621 -331.166794|162.968319213 -0.9164410639 -26.3328680433 -0.9164410639 479.981343724 -66.9301400506 -26.3328680433 -66.9301400506 206.8991947534|
|17|0.02224806140680844757|444.632578 190.027267 -308.935734|696.1457563119 -89.1937849727 0.4871831374 -89.1937849727 627.3010189977 3.9031135165 0.4871831374 3.9031135165 35.4823142829|
|18|0.00062244235128291884|453.378519 21.179216 -856.669169|22.4093758489 -6.8936635566 -2.7336805082 -6.8936635566 112.1068998688 -5.5719340327 -2.7336805082 -5.5719340327 22.2521405349|
|19|0.00769971906908088755|530.465115 -68.476076 -312.940382|762.7618848484 402.7414406154 -25.7724809017 402.7414406154 346.212291422 -26.6303506905 -25.7724809017 -26.6303506905 57.9776797831|
|20|0.00688998886610860638|497.154360 -15.707902 -421.904439|337.745662021 -109.0075335419 441.9661948781 -109.0075335419 96.9666418152 -89.9097644955 441.9661948781 -89.9097644955 1417.2412037117|
|21|0.01159721887532988265|529.566728 -24.789828 -777.535567|134.1961104884 73.9573191948 -6.3565004384 73.9573191948 471.7295233321 145.8473913817 -6.3565004384 145.8473913817 353.578539132|
|22|0.00971100493994387325|533.823156 -8.031910 -628.527733|174.6257335707 9.8020881777 464.7748858009 9.8020881777 56.5645920448 27.0966240809 464.7748858009 27.0966240809 3871.8165843631|
|23|0.00317406457571862022|426.182511 35.895272 -313.014832|108.9783257186 -71.8339397327 -25.0343759964 -71.8339397327 347.804357521 55.5903303152 -25.0343759964 55.5903303152 60.4435612029|
|24|0.00079778845031304197|458.042157 -0.445278 -420.571267|66.0271676277 12.0447127302 10.7840247837 12.0447127302 36.3940407556 2.8521073303 10.7840247837 2.8521073303 35.9039059788|
|25|0.00331482214419781714|573.826497 5.555317 -839.857204|155.127305356 -23.9201521344 -152.7324830056 -23.9201521344 67.3171762153 12.3196798177 -152.7324830056 12.3196798177 271.3102420239|
|26|0.00433791614988322458|424.883704 -222.998971 -313.410541|160.8257056031 -72.7993734832 -8.3222974088 -72.7993734832 133.0371114603 2.209220501 -8.3222974088 2.209220501 74.8554707082|
|27|0.00416890691539798745|374.737599 186.546042 -308.207213|171.2116702404 34.0708237841 -12.7457353163 34.0708237841 269.3205554749 -15.7697592705 -12.7457353163 -15.7697592705 31.4542572659|
|28|0.03667109294445251855|504.136954 10.124743 -718.075282|315.0619911646 -75.3974120014 6.2544107352 -75.3974120014 242.4331830929 135.2410971771 6.2544107352 135.2410971771 2224.0844423653|
|29|0.00200576963668735835|414.212199 53.036217 -818.662078|131.7226520435 187.3880655891 53.5153568271 187.3880655891 486.8283747217 109.2698299547 53.5153568271 109.2698299547 49.2770092838|
|30|0.01091531712597264281|676.162799 -103.256586 -692.777043|366.5888364486 20.7742182379 -117.8311466173 20.7742182379 192.5217617028 33.7463571544 -117.8311466173 33.7463571544 164.8825373605|
|31|0.01321959851556819658|669.166375 -79.013865 -856.991185|425.2871788909 164.583276515 166.4453875147 164.583276515 380.8554151311 161.0354113968 166.4453875147 161.0354113968 235.3651855954|
|32|0.01031288530072690772|546.358124 -23.002911 -396.785860|210.4377138367 9.1918194259 105.4394163932 9.1918194259 90.259295332 -87.4735834227 105.4394163932 -87.4735834227 844.227001315|
|33|0.00010267581410987516|595.000000 305.000000 -815.000000|8.3333330154 0.0 0.0 0.0 8.3333330154 0.0 0.0 0.0 8.3333330154|
|34|0.00490866534397901670|685.211886 12.334008 -805.220283|275.1975314197 179.1765456898 -121.057074414 179.1765456898 287.9001543205 -92.7268630469 -121.057074414 -92.7268630469 180.5349584339|
|35|0.00613975080441659694|494.255268 93.557328 -771.445729|309.6572170004 -30.6147086994 -96.0246212206 -30.6147086994 147.0723137462 30.3272616696 -96.0246212206 30.3272616696 162.9553190345|
|36|0.00902916710806640418|424.012694 -114.528396 -320.480365|300.2188444033 34.7825295446 -80.6637301414 34.7825295446 332.5390997081 51.0699382045 -80.6637301414 51.0699382045 109.4200337038|
|37|0.00423182332377759502|482.627674 25.136765 -507.393830|240.0665878076 6.2905601295 -14.8980411187 6.2905601295 71.997204375 -11.6177206677 -14.8980411187 -11.6177206677 167.9717333679|
|38|0.00418058283391817536|528.053094 -18.921869 -472.647712|329.18711613 15.9262446111 12.0695193894 15.9262446111 50.639765199 -14.8571947458 12.0695193894 -14.8571947458 374.9632699346|
|39|0.00288649701609768701|547.952791 7.494190 -630.713795|75.3983848093 2.3202446377 60.1919573764 2.3202446377 120.5891460224 22.5625633776 60.1919573764 22.5625633776 296.9504517729|
|40|0.00665248298575509250|675.542756 -161.112068 -821.283627|204.1486372257 -44.3717065493 -53.6122761368 -44.3717065493 121.6549982544 -19.7177202924 -53.6122761368 -19.7177202924 150.4624123485|
|41|0.00751702293769706837|461.860120 -22.355588 -859.625482|352.9993957565 138.0386197796 -169.167864273 138.0386197796 193.7092405029 -114.7848232171 -169.167864273 -114.7848232171 195.6961564582|
|42|0.00653877765405048907|505.615384 23.908144 -324.931646|473.0892987703 -293.7167316387 -7.2521351375 -293.7167316387 293.911812669 46.2648907959 -7.2521351375 46.2648907959 155.9268202502|
|43|0.01437161070534007969|635.629227 -116.423360 -831.793667|446.0308509488 0.9112103418 -239.5697309842 0.9112103418 548.7310516772 -360.392385503 -239.5697309842 -360.392385503 468.0323644663|
|44|0.00613541494238487896|504.469402 34.562397 -847.779516|211.723621274 -147.022318991 -64.9617327024 -147.022318991 483.3132411525 107.6273630667 -64.9617327024 107.6273630667 84.8387613628|
|45|0.00183124128442825889|626.032561 62.859644 -863.459343|209.5342629329 -97.0180181165 41.5468432903 -97.0180181165 102.1077232244 -35.6259803026 41.5468432903 -35.6259803026 45.8842607591|
|46|0.00820353318595459964|537.678497 13.019461 -700.027453|64.8445585817 -4.3288965636 -21.5435902604 -4.3288965636 144.0534747483 41.0431136875 -21.5435902604 41.0431136875 1542.5708473056|
|47|0.07301109449733772516|511.131300 7.615295 -581.608708|343.9683361083 -14.8325204305 -23.702678755 -14.8325204305 194.9084576858 -286.7800011962 -23.702678755 -286.7800011962 3301.625794579|
|48|0.01051634492334724974|491.529858 -11.880847 -333.099585|268.5595439766 81.4841100668 -64.1288795387 81.4841100668 274.600412812 -79.4326327542 -64.1288795387 -79.4326327542 184.9443579884|
|49|0.00280200911679671536|654.636165 -86.664741 -664.639544|129.9883867134 57.5034193489 125.198569025 57.5034193489 75.2578496092 84.2551571362 125.198569025 84.2551571362 329.1405988244|
|50|0.00250143411295444471|427.968445 -1.993801 -313.144415|101.8619263856 -29.8998321255 -18.4168986878 -29.8998321255 125.3331997285 -6.9299350115 -18.4168986878 -6.9299350115 61.7275916548|
|51|0.00867165054999834498|595.793520 -157.338221 -872.774778|188.0788168025 9.9967184648 -40.7056715069 9.9967184648 417.041057797 -18.3920656659 -40.7056715069 -18.3920656659 88.3249131438|
|52|0.00119715497505208527|560.611539 -18.420945 -780.943740|93.5745622668 -13.3661539566 -14.8955101843 -13.3661539566 49.9127168147 0.2500639234 -14.8955101843 0.2500639234 39.1070522034|
|53|0.02801572537622681880|527.402343 -3.851349 -389.208830|407.1942566718 -64.6640722694 39.9163235367 -64.6640722694 190.7251745722 -15.9445969493 39.9163235367 -15.9445969493 928.6379339577|
|54|0.00578930772614408284|669.458828 -79.790691 -784.762048|170.662977428 -27.3900282729 47.0661907255 -27.3900282729 266.0295409281 -12.1721060138 47.0661907255 -12.1721060138 71.6420073957|
|55|0.01856312028439165845|453.190231 197.286648 -329.316705|477.5545126247 -22.1566253356 171.7664127303 -22.1566253356 394.5454058245 76.8990194153 171.7664127303 76.8990194153 187.7153431119|
|56|0.00437919854342645742|483.810811 43.137019 -630.583507|124.2898076835 -18.8224195656 31.1826378247 -18.8224195656 157.9393146814 -12.7906106046 31.1826378247 -12.7906106046 97.410764255|
|57|0.00446115767046597646|450.395909 96.865298 -774.182260|91.2345200378 -30.619575633 45.453481735 -30.619575633 147.7215331115 15.8350480773 45.453481735 15.8350480773 187.69891579|
|58|0.00354301596996062446|489.395134 -50.716248 -779.735662|296.5626226606 -59.4062732631 10.1275496488 -59.4062732631 161.8765617094 -3.2064778623 10.1275496488 -3.2064778623 41.9246017975|
|59|0.00265038779551651608|550.216122 12.412456 -597.190219|84.4803851879 -15.9281682231 -34.3176698313 -15.9281682231 85.6485266356 -19.2763533522 -34.3176698313 -19.2763533522 233.6050216633|
|60|0.00010267581410987516|485.000000 275.000000 -885.000000|8.3333330154 0.0 0.0 0.0 8.3333330154 0.0 0.0 0.0 8.3333330154|
|61|0.00709635974649975351|457.580271 47.927559 -319.648949|253.7911167723 -16.6227552692 -45.737523884 -16.6227552692 170.4103240995 49.6744011943 -45.737523884 49.6744011943 106.3183697322|
|62|0.00745336448840115857|493.284333 118.055194 -305.022873|227.7120870413 208.2015106638 0.0394709836 208.2015106638 1898.1647962756 0.0552907212 0.0394709836 0.0552907212 8.5615362903|
|63|0.00695457662243013312|688.926381 -112.712336 -846.944794|121.9433396262 79.8667845901 -33.2810177129 79.8667845901 441.5200385053 -71.9370572371 -33.2810177129 -71.9370572371 108.2478082018|
|64|0.00709441197767577986|453.115800 -197.684736 -329.250089|332.8721749456 48.5468350862 96.602922793 48.5468350862 233.4327516151 -72.2070016993 96.602922793 -72.2070016993 158.3557258707|
|65|0.00292356616356340658|436.962002 30.035913 -816.755548|126.599657711 -68.382176295 32.7234843115 -68.382176295 174.7969864724 -108.1139244051 32.7234843115 -108.1139244051 135.4251330638|
|66|0.01610955166577562186|467.212420 -82.550761 -319.729422|355.7001528025 442.3712554316 41.6157062344 442.3712554316 1293.8373489694 67.3356077107 41.6157062344 67.3356077107 94.5042983412|
|67|0.02020738052837017448|542.591762 -56.799072 -826.260160|440.2008759473 -501.2582877149 -269.9974552324 -501.2582877149 1236.3248432233 493.8453476251 -269.9974552324 493.8453476251 338.3880603811|
|68|0.00544764145369399863|589.096337 -71.106805 -853.706615|293.4020709693 36.7894416976 -187.2186340789 36.7894416976 112.1775942451 -2.4790914744 -187.2186340789 -2.4790914744 280.4981284225|
|69|0.01610469943252381200|649.001389 18.725509 -858.437534|550.1658108987 472.0196709998 193.8762075381 472.0196709998 842.0930255215 145.9689382205 193.8762075381 145.9689382205 171.1678335918|
|70|0.01566535520798176262|432.942650 170.947260 -329.005741|463.45639342 -263.8669644302 20.7661195909 -263.8669644302 352.9423640381 -41.4886758596 20.7661195909 -41.4886758596 184.9690592714|
|71|0.00271878744085082185|532.516718 -12.661098 -711.285797|154.0557765744 54.9862081061 29.5977847035 54.9862081061 88.07422566 12.0951812799 29.5977847035 12.0951812799 116.0842756396|
|72|0.00964494799234157964|406.404141 217.964308 -320.704661|291.8745254335 113.7504211165 -27.2505399038 113.7504211165 185.3384591067 -4.9007750196 -27.2505399038 -4.9007750196 129.1332596965|
|73|0.00684000492009131413|461.781366 46.164713 -726.891991|193.9696361283 -155.170661666 51.5274255624 -155.170661666 482.6529670185 -153.5757060425 51.5274255624 -153.5757060425 145.6574838922|
|74|0.00417184494122586208|478.774222 8.438031 -549.379413|105.5731262265 -46.2905585931 -87.2580590637 -46.2905585931 173.1444722906 177.1891030602 -87.2580590637 177.1891030602 454.5586923466|
|75|0.01330495012415068047|507.083607 4.079723 -315.653265|873.7156626273 -444.9978525924 29.2078579623 -444.9978525924 530.4317693706 11.4386935037 29.2078579623 11.4386935037 73.4008236887|
|76|0.01081286494124129687|477.880278 125.238008 -314.567748|345.1706716868 -122.7518205379 -15.8910528664 -122.7518205379 252.4284021271 -1.07305233 -15.8910528664 -1.07305233 67.0481034385|
|77|0.01069312455052097953|466.975265 -162.051699 -324.500795|253.9608003017 -122.1161962279 115.2157930131 -122.1161962279 452.9255138023 -38.2482240816 115.2157930131 -38.2482240816 160.300182545|
|78|0.01998699043581280560|688.789904 -19.126473 -821.764906|146.7446160497 -76.0940967193 -6.3636838089 -76.0940967193 717.8778060699 -70.5926845791 -6.3636838089 -70.5926845791 361.8390751033|
|79|0.00527946578179750575|464.060170 46.996238 -691.258231|241.8991347286 -134.686415325 220.2749185964 -134.686415325 181.5711105613 -127.116477917 220.2749185964 -127.116477917 444.7107140283|
|80|0.02364154832332541339|448.423163 -177.916866 -308.895404|577.134415795 -230.4461211195 16.6237404807 -230.4461211195 1065.9104034332 -35.2810663542 16.6237404807 -35.2810663542 35.2472904772|
|81|0.01159279846067984981|469.809564 8.129838 -305.026618|857.5478618042 -448.647043293 -0.061017232 -448.647043293 1314.6805773505 0.0759996565 -0.061017232 0.0759996565 8.5988080583|
|82|0.00476243467370967340|461.220280 111.791674 -747.031423|109.3221085523 -34.7511312326 10.052606703 -34.7511312326 182.0623748142 -89.9205166911 10.052606703 -89.9205166911 155.3874680528|
|83|0.00380042928554644860|587.822857 -30.260828 -317.317237|157.5579821902 74.5864739606 28.6360608793 74.5864739606 168.6551018584 -7.4084316429 28.6360608793 -7.4084316429 93.9141875354|
|84|0.01052356012297608542|536.677088 -114.654523 -861.142815|225.3547235992 -91.6460495657 -64.8943617484 -91.6460495657 284.9149854132 131.4282454788 -64.8943617484 131.4282454788 208.9469735359|
|85|0.00849925251867401227|455.221227 -6.240070 -316.304624|305.5236930427 -262.1776180937 -29.2247654737 -262.1776180937 684.3381137296 0.8110358841 -29.2247654737 0.8110358841 73.6141402881|
|86|0.00639178909231818103|694.321645 -123.082529 -779.227998|204.5625690768 23.0897493488 -153.8469951081 23.0897493488 132.5894216678 -54.6468990213 -153.8469951081 -54.6468990213 247.5789472075|
|87|0.00645012060327510191|436.812023 74.153785 -713.873313|217.9818265516 -3.5773706124 3.1611595388 -3.5773706124 92.5537470785 -21.972352386 3.1611595388 -21.972352386 142.0053633832|
|88|0.00404208577698138456|504.869720 19.684515 -384.013703|156.4946419574 -6.7395480767 -13.1820157645 -6.7395480767 44.0141619754 0.5892646056 -13.1820157645 0.5892646056 657.8223562413|
|89|0.01061030111096664119|473.905562 -41.891178 -809.873156|607.5286158428 -44.5548177234 221.6986770737 -44.5548177234 143.3194168785 -44.5783308366 221.6986770737 -44.5783308366 281.3888120339|
|90|0.04609073968106545960|512.775583 0.842668 -465.200291|459.8823716296 -48.7451061325 213.828490959 -48.7451061325 194.3110074244 -101.1794845414 213.828490959 -101.1794845414 1732.7169320316|
|91|0.02209070324993008677|487.198441 59.412832 -715.329481|420.1820020253 -207.9251650513 120.2522696117 -207.9251650513 449.2220363651 -373.2619405908 120.2522696117 -373.2619405908 643.054947543|
|92|0.00616300993801932335|475.244491 -5.681183 -510.393073|167.1546997679 -62.9392264844 -91.1959968816 -62.9392264844 123.404375548 20.413305192 -91.1959968816 20.413305192 385.0943359781|
|93|0.00682780202567762062|664.919615 -124.745425 -743.152260|123.7088240242 -54.7066630629 127.6057400046 -54.7066630629 138.2564626086 -156.1662150374 127.6057400046 -156.1662150374 532.2614435208|
|94|0.00359174157346446934|554.550337 -35.120261 -305.029159|522.627168222 31.1480787936 0.0330350771 31.1480787936 276.0593525667 -0.0219003799 0.0330350771 -0.0219003799 8.6240683894|
|95|0.02825749063357781490|486.959524 2.415513 -806.523178|348.8113342327 -24.8013347581 -22.6323045219 -24.8013347581 527.0901613366 -105.8511247018 -22.6323045219 -105.8511247018 327.721268246|
|96|0.00868315899708256740|443.070513 -102.123717 -305.028569|1017.6644550055 543.9892228119 -0.0490482894 543.9892228119 879.7204713905 -0.0157588917 -0.0490482894 -0.0157588917 8.6182077186|
|97|0.00379589527765605188|582.233336 -9.189303 -342.881115|136.8657908938 -26.3930172778 118.797629907 -26.3930172778 107.2100704131 -34.560541279 118.797629907 -34.560541279 288.7432169593|
|98|0.00809017911981642183|560.832553 1.064887 -386.838824|131.3339890824 -33.7874659596 83.8272147841 -33.7874659596 102.3767995312 -16.0034510144 83.8272147841 -16.0034510144 613.3510434362|
|99|0.00444620712670015013|521.485821 52.254932 -706.055572|142.0282508276 -103.0881925912 17.4896631195 -103.0881925912 209.240293368 -54.6139704585 17.4896631195 -54.6139704585 145.7292392144|
